[gd_scene load_steps=7 format=2]

[ext_resource path="res://car_base.tscn" type="PackedScene" id=1]
[ext_resource path="res://scenes/watchingCar/watchingCar.gd" type="Script" id=2]

[sub_resource type="StyleBoxFlat" id=1]
bg_color = Color( 0.0784314, 0, 0, 1 )
corner_radius_top_left = 30
corner_radius_top_right = 30
corner_radius_bottom_right = 30
corner_radius_bottom_left = 30
corner_detail = 15
shadow_color = Color( 0.407843, 0.0627451, 0.964706, 0.6 )
shadow_size = 5

[sub_resource type="ViewportTexture" id=5]
viewport_path = NodePath("Panel/Viewport")

[sub_resource type="StyleBoxFlat" id=3]
bg_color = Color( 0.709804, 0.709804, 0.709804, 1 )

[sub_resource type="StyleBoxFlat" id=4]
bg_color = Color( 0.00392157, 0.109804, 0.117647, 1 )

[node name="Control" type="Control"]
anchor_right = 1.0
anchor_bottom = 1.0
script = ExtResource( 2 )
__meta__ = {
"_edit_use_anchors_": false
}

[node name="Panel" type="Panel" parent="."]
anchor_right = 1.0
anchor_bottom = 1.0
__meta__ = {
"_edit_use_anchors_": false
}

[node name="ScrollContainer" type="ScrollContainer" parent="Panel"]
anchor_left = 0.846
anchor_right = 1.002
anchor_bottom = 1.0
margin_left = -0.320068
margin_top = 2.37842
margin_right = 0.15979
margin_bottom = 2.37842
custom_styles/bg = SubResource( 1 )
scroll_horizontal_enabled = false
__meta__ = {
"_edit_use_anchors_": false
}

[node name="hcontainer" type="VBoxContainer" parent="Panel/ScrollContainer"]
custom_constants/separation = 220

[node name="Viewport" type="Viewport" parent="Panel"]
size = Vector2( 1620, 705 )
own_world = true

[node name="Spatial" type="Spatial" parent="Panel/Viewport"]
transform = Transform( 0.996666, 0, -0.0815907, 0, 1, 0, 0.0815907, 0, 0.996666, 0, 0, 0 )

[node name="Camera" type="Camera" parent="Panel/Viewport/Spatial"]
transform = Transform( 0.89984, -0.182538, 0.396192, 0, 0.908238, 0.418454, -0.436221, -0.376541, 0.817269, 5.59129, 7.14283, 9.50681 )

[node name="DirectionalLight" type="DirectionalLight" parent="Panel/Viewport/Spatial"]
transform = Transform( 0.475762, -0.622517, 0.621388, 0, 0.706465, 0.707748, -0.879574, -0.33672, 0.336109, 1.46751, 4.21047, 3.6135 )

[node name="KinematicBody " parent="Panel/Viewport" instance=ExtResource( 1 )]

[node name="Sprite" type="TextureRect" parent="Panel"]
margin_right = 1621.0
margin_bottom = 704.0
rect_scale = Vector2( 1, -1 )
rect_pivot_offset = Vector2( 810, 352 )
texture = SubResource( 5 )
__meta__ = {
"_edit_use_anchors_": false
}

[node name="TextureRect" type="Panel" parent="."]
margin_left = 661.0
margin_top = 702.0
margin_right = 1627.0
margin_bottom = 1077.0
custom_styles/panel = SubResource( 3 )
__meta__ = {
"_edit_use_anchors_": false
}

[node name="Panel2" type="Panel" parent="."]
anchor_top = 1.0
anchor_bottom = 1.0
margin_top = -380.0
margin_right = 665.0
custom_styles/panel = SubResource( 4 )
__meta__ = {
"_edit_use_anchors_": false
}

[node name="GridContainer" type="GridContainer" parent="Panel2"]
margin_left = 15.0
margin_right = 661.0
margin_bottom = 213.0
custom_constants/vseparation = 10
custom_constants/hseparation = 10
columns = 5
__meta__ = {
"_edit_use_anchors_": false
}

[node name="money" type="Label" parent="."]
anchor_top = 1.0
anchor_bottom = 1.0
margin_top = -14.0
margin_right = 40.0
custom_colors/font_color = Color( 1, 0.964706, 0, 1 )
text = "Money:"
__meta__ = {
"_edit_use_anchors_": false
}
